206
9732 19
21619 30621 14832 97489 34279 16150 27469 45457 50564 23923 23745 97694 46395 59657 25547 68587 91031 70399 5122
6112 19
31668 47382 71160 78666 40142 13248 96465 54018 87586 27539 57834 95625 93072 61716 21317 1051 6901 86659 95722
8408 19
5279 16222 23584 63077 40222 35896 9756 47632 4098 69966 82975 31076 27938 37821 13455 22006 3312 23569 46750
2631 20
28844 72913 41551 49839 11334 48846 39248 30747 53154 65968 27196 46628 72613 92325 63405 86463 51443 98470 95646 91910
1478 20
56764 94114 16541 21990 94760 3165 44076 95287 81910 70272 99281 29280 89956 59763 31959 40915 29736 16091 11030 88154
1764 19
44025 54107 21325 48550 77315 14640 56758 64281 13065 12587 65781 14379 47404 56985 12597 65649 20779 11406 56196
3597 20
90342 15572 44464 84345 37962 95110 26650 30212 40462 76133 10118 59146 43181 73670 11413 90138 82493 12667 43268 55285
4255 20
86820 64636 81866 77860 96564 99761 56287 43634 67242 80831 26711 82795 63616 30433 86341 49819 72649 86205 36939 4701
5294 20
95852 87435 98765 78911 22139 93228 99504 93883 28350 14456 80627 77661 48438 48322 24523 42723 16698 78899 22848 35912
1670 20
4625 3093 9793 38845 76288 2236 68278 16775 63980 1764 74694 3253 68239 51718 7834 23129 56610 71716 93037 68138
5172 20
57499 6742 71104 51447 52564 24432 17102 5955 32583 52269 70466 863 4624 45727 22553 57587 78612 8430 40985 67828
1401 20
32087 89744 36831 25313 88283 59882 40839 18325 99567 63603 35776 63672 10209 85309 33765 77727 41249 21662 4430 650
5065 19
63892 6870 9950 62380 28703 89812 71471 75917 77520 3096 69453 32542 20130 99758 40458 28614 71880 311 99038
4271 20
20987 49633 86717 24347 26395 44465 71604 34348 1111 29450 43577 68113 61454 12340 11583 28379 48279 18754 54256 16292
1542 20
23501 53326 46442 86246 50781 20852 47800 48422 41059 41041 25437 43483 32276 2698 74937 88883 57961 91068 37154 35572
5006 20
46101 91079 64415 76702 68314 18289 35815 12938 54408 50106 43268 54828 39830 95257 57867 53649 30427 21514 6050 25614
9582 20
72460 80930 68781 62732 75325 72058 26027 57117 71517 82593 79771 84645 65333 76051 38096 91380 15781 18295 49047 25539
2595 20
68600 53077 6211 99774 20237 21527 74434 24051 37988 14294 58789 32210 47277 65394 89403 56102 7402 85163 4574 43589
2829 19
41562 56084 74154 85013 13207 91436 77091 52043 8252 91369 85274 85080 97508 9546 96141 60182 27028 82823 97725
6910 20
34096 59656 72794 15432 29904 24360 29866 30148 79901 83844 68231 1819 77514 15916 10629 42546 92039 74100 1461 84035
1959 20
65440 80465 33065 22070 30904 26841 37462 37814 92586 78377 40740 26926 79779 30360 2558 8816 6488 58849 15504 66986
7197 19
23852 29183 37221 47711 57881 22905 33752 57825 79354 9789 35493 50884 40527 17486 60373 85002 45087 70548 32052
5287 20
69034 70320 25386 6389 78017 61540 7137 85930 74984 80276 74627 25182 84768 3028 3206 28737 45300 10141 27536 8987
2935 19
94414 89879 75105 13418 37879 37916 29005 34047 34906 44126 7784 89387 14544 84668 79361 1992 91478 68413 63695
8696 20
94634 87902 35619 3876 44776 89554 2284 82092 45104 38304 82577 5076 65791 66416 42488 78115 86267 24855 17085 77630
7339 20
28568 27500 53848 29480 47960 2107 95078 32405 5671 29228 78398 18156 43162 37395 56101 32093 72783 77692 50903 99861
3169 20
61712 83548 97013 32833 55535 47381 28600 14258 68833 50325 21488 27517 88523 81404 39686 45464 21040 91815 51699 27591
1598 19
76495 11831 81280 38763 64519 3331 9729 17390 79514 93254 11607 34493 13254 38745 10902 56326 57788 30557 51557
9487 20
76083 24335 30970 9282 64606 75819 42850 2958 35812 32950 52169 62805 54543 75389 26750 98040 72923 32426 6038 32525
9692 17
59362 10196 4046 90107 94674 45235 12574 44492 49181 53196 70740 991 17138 38246 89000 95232 6893
9806 20
90405 17347 51194 75753 3034 48636 63040 66792 7833 32539 5999 27565 91531 66069 25166 23799 26491 49240 45685 5897
7901 19
83517 88594 29644 99186 16893 10970 26579 58602 72008 88339 57830 57998 29395 83308 80845 46423 2992 18318 51089
7815 19
47844 9755 83165 43089 6691 56576 13176 90067 82861 5927 79735 90719 65395 48124 69558 21168 35113 99502 29279
1424 19
76808 5751 74316 18512 62620 75603 88092 88949 43196 60367 75658 70030 35687 37377 88912 503 32595 78366 82775
3177 20
36917 20571 3862 8418 11779 35387 70659 22071 72611 6937 53291 77499 61995 42259 87898 47795 95194 41280 3463 95748
3454 19
65778 65362 19304 55062 68136 98346 4898 65984 31384 61351 84783 7321 65309 9148 52330 19732 32422 34871 79703
5280 20
24160 7245 79446 85419 82615 25926 23202 85492 40099 33324 13124 40635 43188 72460 18672 20382 54599 74762 61687 59088
2493 20
8519 79579 33551 95617 40108 63953 74389 57871 83473 4729 42085 48818 35806 33432 32355 43399 58246 76814 39918 15829
5036 20
77929 579 53126 29604 39903 52674 30645 13644 39032 92696 35359 13524 45519 85664 18083 31959 9900 40914 46328 58639
9294 20
59429 87581 68640 747 96726 42870 54341 42080 33522 37909 23597 37479 7009 57295 57516 72711 16973 89243 48181 97076
1750 20
11023 28733 18814 68908 74833 3419 91723 10305 54370 41618 62902 91749 44587 7149 80077 64392 97517 84480 68603 70715
2643 20
38170 31813 16944 14964 70175 92984 72861 72542 19499 60587 88998 27112 47531 92516 60965 47714 48641 571 55530 46099
8407 17
73812 53003 24530 36215 71533 49023 58976 32342 13322 1674 90837 29682 35536 553 71975 61032 43528
4630 20
69243 368 54033 7177 79817 84719 57171 84525 29479 47610 43959 66660 72945 67946 48216 82768 91356 28823 94786 7100
904 17
31208 16486 86297 37057 53568 44808 24713 28012 26397 97527 71323 62617 90569 96928 7538 1135 64466
3120 20
75149 807 86000 82105 80761 54200 45779 99902 41195 95577 3756 85769 72215 16260 81665 63599 74725 89957 70284 92494
2644 20
91944 57696 27945 35476 86827 53516 8260 25465 45494 84739 76246 4356 25096 35291 45568 43777 45285 6193 21544 86734
661 20
50977 25973 44823 41272 32402 31489 48941 86001 77606 49350 66405 87312 26557 15297 15973 55860 5110 46618 9112 83190
2995 18
30202 84242 52146 5274 34544 74081 18246 57138 63121 5441 52134 9318 30414 43436 19577 1247 21413 19261
4401 17
40054 96546 10694 55061 176 53624 13369 8449 91057 89240 92631 55517 27963 2498 90009 66987 12535
1133 20
41625 48670 67618 23045 50898 89093 41188 22869 35861 28103 4635 24559 21741 20708 20269 6023 87020 80544 84375 23940
7358 20
63957 34271 45114 59605 51487 41726 65508 47834 6016 81543 46203 30585 81897 67570 36550 65619 46729 88944 34122 8226
8046 20
9462 93679 53756 16932 51652 59572 52846 47686 48638 19009 35624 53710 23451 67877 89532 70965 80588 70753 1801 13731
2560 19
36243 30532 50332 53012 23625 54891 9355 57157 47585 34286 90653 46678 87694 98687 3919 47035 42077 12033 61536
3928 20
27612 49155 67684 11109 88388 1040 41979 36372 15018 79929 20790 94388 45529 99984 32229 30902 76960 98055 75480 81414
5763 20
59160 76502 69478 53371 94605 37166 59364 63137 78572 86642 24823 75194 71306 66108 26444 95236 25576 53009 68800 66230
1364 20
61473 31631 95115 22118 36175 78179 13278 6637 7442 5480 43337 83629 18075 53457 9703 46785 16602 50191 35016 67215
9029 19
67385 15282 26710 14741 16128 63312 54927 86492 93249 67865 15325 76134 15784 8174 21238 87109 73968 9474 90513
5621 19
91081 45934 28194 60026 78307 14822 3209 80098 52140 19098 56717 12746 94534 59919 32620 7845 4633 27127 34928
4139 19
56378 4532 31040 37278 29502 54109 31160 22546 81556 17427 98735 42697 58217 49140 15677 66706 88407 30583 99384
8728 19
72584 65433 18116 35881 81479 15654 10134 47730 74374 87702 73194 56671 33260 69082 71936 35203 74978 32405 50050
1606 19
14572 5223 70957 81745 22806 74681 443 73298 60313 16695 82204 92791 87052 70198 95307 70712 81083 93400 89988
2830 20
66058 24754 81508 27169 43765 22923 2816 93477 52506 3571 85802 74125 62515 69904 73779 2023 17347 50999 11521 65030
3015 20
94206 10788 4840 44696 32227 62459 56574 18432 59103 84758 50932 34244 55366 12014 34807 45093 61320 57506 60802 45619
1949 20
46254 24096 29512 52845 18968 1416 82966 5658 98832 99572 71256 75188 7767 2883 21318 96757 77607 99686 41367 63589
4188 20
53254 40737 74653 49469 95029 94512 61295 4685 65716 9443 48855 78967 55107 3949 42996 9776 24790 78816 98086 61376
6727 19
68367 9975 53500 62815 751 89031 35650 9678 20419 27475 99419 89985 3037 169 46683 33345 33423 71129 99493
5311 19
85283 73422 76763 81510 47594 88308 66267 40337 5980 26765 37385 82953 56186 27 31674 52285 41168 75001 71301
4513 20
4090 38479 38189 60769 71928 28662 85018 77628 49050 22984 47890 40848 5672 52031 60048 38979 88072 63081 48415 11304
251 20
80354 68948 16364 88034 30613 49704 6156 43465 42139 41394 2436 56930 51726 96369 36247 380 36245 42849 30980 28038
3340 18
96673 1489 77225 54815 82696 66710 64382 23964 37866 34884 7453 46621 33191 31484 76201 45755 89643 8177
5073 19
73007 21584 61732 36875 41490 54000 92389 70780 1600 46035 86595 45208 30100 40888 68016 10573 1651 48921 17662
9530 19
8645 91234 71665 78919 83438 84206 94433 70247 59229 72234 30646 27657 71577 18334 5518 3782 46332 65930 3263
6712 19
4014 15454 8461 89403 85203 55337 60773 90135 14454 36804 82890 72059 21673 76611 10214 62255 4260 28022 87917
5747 20
10681 55061 31431 17337 49244 58762 29847 21990 73983 89643 65590 6244 28043 22476 4922 61271 5477 84961 4551 76982
9717 20
17668 81030 31011 71094 17131 49619 36358 8818 53060 80746 34430 54700 31613 80175 85268 87353 10492 89528 24005 83029
9619 19
41545 22074 71889 89384 66905 67923 16869 63514 59750 93670 97570 4945 53603 74864 8715 94054 81817 99231 33053
4951 20
54317 94786 47056 97325 83976 84586 4648 9077 60464 60946 80866 28703 79988 58531 68640 96872 17168 99435 17051 81802
9242 19
10725 52262 37102 29313 54825 33400 1941 78355 37862 3638 86748 31590 49420 74072 42919 26479 6430 89260 21470
4275 20
80892 70417 32042 63686 2809 39744 21220 86342 99148 71821 95189 47970 86091 4338 46631 93416 92110 60857 98905 80800
9805 20
57977 30299 63350 69928 20438 30928 25462 34639 23730 53462 55021 61658 60084 85938 205 3203 64975 82251 54566 77204
2611 19
71017 20784 55573 57813 29310 72537 2013 42207 97483 85641 46689 29626 20379 52184 70329 2252 35787 75980 30014
7219 17
56374 79025 46688 30095 80035 83244 65577 52610 10771 10232 61498 6933 81402 95844 99905 76261 8046
3525 19
26248 33222 5122 4701 22992 9648 99793 88124 97816 39839 90138 89782 28338 72796 53202 11729 80204 60690 54655
5928 20
89660 42070 58680 30727 89184 70381 73704 48786 92971 98020 82890 9901 58003 46283 16327 2104 6437 6800 93169 71629
6008 20
34661 14507 96729 84551 29348 65795 29920 45867 87851 54791 49132 34879 24401 43410 11410 60417 36282 80558 79165 5250
8385 19
50374 47878 99595 62862 42967 48764 69228 98942 22621 10972 8231 41505 75733 88746 42303 17066 44086 12131 74830
1962 19
69742 73818 10878 96281 78135 37278 51671 82765 29826 96098 30483 44428 89879 68175 58664 84765 62671 2502 73637
2054 20
27668 15150 6185 93387 45711 38213 91659 1710 64013 92636 64706 2201 44097 94677 85047 78287 59767 57039 80293 78222
5057 18
37004 69573 91836 51615 10394 30101 98302 20724 27485 27927 56288 37723 26128 92737 52320 54671 35107 56493
349 20
49971 93253 55168 87536 45706 83215 10212 39545 92378 18167 56492 73350 97265 71808 99807 34171 64201 20469 59352 17897
6134 20
8314 15130 3 72197 83989 53746 20223 46847 17304 15983 54442 84770 58272 88845 59575 21341 14464 28511 93362 16441
6977 17
50143 16614 48057 99975 70449 32393 97203 99006 66128 71114 17293 70124 34286 26326 75975 32183 1942
7412 20
5212 17176 52651 33887 69932 34867 13706 33927 27169 43542 68343 86753 9474 45165 59333 55422 94954 75750 31548 80424
976 20
40726 84913 61575 89648 20915 61758 2565 96395 3485 1581 25452 84408 92649 7768 27399 79713 70061 3121 78129 69105
1537 20
91907 83836 2729 72268 54007 42729 97801 74527 17099 86409 12074 10681 69114 33275 37321 61374 6451 48693 87307 77438
8834 20
80124 28952 94166 57592 27208 27790 20112 26969 15140 73288 69488 17043 47838 29971 32461 33122 47536 94079 24810 66250
9937 20
71638 64210 73695 8300 32255 55483 86547 67641 23664 65351 93171 33274 93635 16797 93406 19533 66338 27017 80626 80087
417 20
10368 95889 47041 99685 53611 94957 6910 23860 35858 1989 66048 60189 275 15324 67351 93582 42052 96586 54617 24763
4433 20
64294 43036 12864 63561 10802 53097 66206 29276 54230 23365 38711 94976 51203 68362 27731 19352 51197 84020 46541 66372
6193 20
8650 60882 14845 5896 3566 6591 75383 99532 86553 81647 80380 39912 48885 35872 90838 46958 9104 91125 30943 36402
3523 20
46939 49092 14623 69437 89143 83589 55861 672 56113 22389 82484 34807 66494 39469 6594 61656 40136 85122 63837 92911
6832 19
18282 99670 59365 39171 65767 72490 26356 80719 86543 22132 44438 25371 91032 83082 17907 935 96968 20256 25364
2468 20
76499 58943 58641 22455 84408 71515 64188 67246 48757 97638 4270 44075 50910 59586 55111 82367 15132 92160 6745 75860
7218 20
91340 45458 88476 53763 75619 49821 58235 32922 7404 67526 46565 10604 42873 19101 41014 9385 51664 68180 17868 21624
7834 19
19199 5965 8043 15667 28688 51735 17644 43920 49481 63472 58700 66811 60732 7810 35584 46790 42104 34715 54148
5053 19
45636 56682 10965 19673 93391 59378 63193 97335 37442 73720 39551 95967 97862 59427 47759 11913 93125 25989 25811
5337 19
35646 64741 78638 85424 25542 83241 62762 21581 91595 34927 89116 44852 672 64465 89207 76649 73977 39789 24497
6247 19
23903 93861 39781 1016 43826 57766 68930 97839 84919 87127 80219 82602 87397 16436 13773 9586 1267 52998 17357
8806 19
15056 38700 2698 16845 4637 68367 29987 39730 22017 40312 26433 72171 75719 53684 37049 78327 4935 58071 62452
2929 17
58328 27465 136 91547 35499 27023 54481 81535 38703 46862 44911 38518 21993 87204 43243 70385 30469
9647 19
47109 15121 95318 22523 3723 29392 25514 46419 25354 6639 20992 35547 24037 14951 77077 69201 93830 36874 36307
8301 20
23887 91618 56580 94550 80421 77403 8668 25209 79257 73315 33035 44378 60520 86813 93091 79564 77553 68204 42833 59243
2442 20
99505 48399 98604 16842 27609 69852 84503 58775 48214 31444 25730 40660 73543 16400 4533 96549 72868 62385 48981 9663
6017 19
99549 97607 23138 13927 24947 27909 96869 90235 81823 99079 80407 44017 76080 90217 36596 47062 76518 908 46107
4413 20
66666 28378 37650 32534 46770 14730 91694 3122 49728 59260 68090 20941 18639 20025 57058 84151 86589 10327 7199 7762
5239 20
40472 96215 20909 77807 32705 48604 84253 98401 84346 60645 78457 31060 77922 85295 84030 77815 93034 60165 72887 99630
2664 19
60287 30059 47589 47150 54995 69525 65434 39531 80596 70202 31295 84514 52093 73485 73448 57976 96111 91693 57718
2384 19
89392 32593 34763 65527 83871 72828 15032 47168 28226 84077 52570 74373 92352 75040 66377 44035 40138 40514 6258
6836 20
20434 47880 44567 76334 34777 63685 9803 43972 16538 60963 43887 73748 2475 13539 39964 46021 35649 8810 11927 7098
1561 18
9880 5669 92126 92091 25619 53032 30326 71237 38789 87458 37006 90433 16984 27889 58267 18027 37612 16710
7040 20
12011 19113 52031 9114 95228 51633 20104 40704 26840 68762 18632 81695 10448 40241 15896 61395 80914 63916 6429 36601
7541 18
38348 20145 52966 39512 89555 19940 93685 83095 5324 86275 11479 13215 36777 83579 90316 36106 67202 9812
8472 20
74540 1120 40905 52642 42883 88166 15709 28863 78122 96632 96439 99210 27105 31206 37818 87231 42765 71149 46723 47754
9583 19
81479 66941 98534 83082 22618 25138 69681 91996 30952 3971 65819 42148 70184 96922 27934 84306 38361 982 11881
7389 18
52922 73191 19237 6141 77292 23459 88532 55750 8061 57523 96539 65733 18996 7893 24479 50251 43180 28797
9269 20
76753 95977 9353 16975 17441 26592 59944 96352 37052 29253 19235 50815 26347 23676 93686 57458 20210 23128 22497 86757
5197 19
79138 36950 86398 31799 39479 23035 58313 24753 40458 22871 45343 35091 16340 92028 88446 959 72674 2237 69462
8736 20
21646 69455 350 8865 11859 38512 24446 33504 94262 25964 51427 80692 49650 16084 33706 85576 66827 5591 90079 60008
8117 19
54384 70570 14959 25582 85583 42394 33954 43528 25506 84635 82481 82206 95339 97180 86052 45061 87340 77852 4576
3629 20
70113 4753 88364 44889 64501 5300 5750 26714 12758 66715 16242 93128 24513 68531 789 6044 99147 21168 51851 72472
8750 18
92134 87766 51553 56668 83312 32270 34853 58401 49185 88161 31847 7264 38092 62683 22364 9468 44610 74777
19 20
2596 50289 34109 62074 57153 33832 289 82303 53043 84845 59697 45938 15417 54031 77516 53181 84320 10987 41297 31923
7833 20
80729 82706 17284 96292 77924 28929 13413 75439 15040 28263 27970 65603 55296 6455 951 25955 13335 81100 76171 48921
7988 19
6005 99324 29220 11809 38340 92503 77953 52276 78125 99652 56061 50143 73737 73639 54800 71914 60842 74963 56908
8839 19
25692 15830 73517 17418 62467 80409 76776 24954 61444 93992 66404 4964 25978 79479 48420 13780 11548 30601 81713
7484 20
80159 31262 24604 33899 6999 68859 13048 1233 94567 97413 33011 27513 74915 30428 83090 62288 35042 51693 499 89053
5469 18
24373 95665 61342 90219 53581 28439 71779 65340 81175 34624 41959 66396 94990 66309 71115 80793 6240 5116
6185 19
88182 85140 1550 64503 80553 39140 53631 50605 10957 13777 75533 49168 47875 26521 43886 4259 81670 94908 92901
7287 18
35538 73935 18785 84244 70999 41289 56179 67875 51665 12943 75752 35972 9724 53773 31985 31373 47716 91452
6020 19
7074 55774 37584 5209 38092 38495 25232 46814 16329 95225 77779 20367 35028 38747 67998 95373 65581 141 6235
7709 19
24499 23021 78733 28069 71892 58854 80735 37972 53259 88615 69407 56021 99195 17174 9816 67654 6194 91415 70512
2195 20
30283 53185 462 13602 64341 21788 9115 11111 62410 85567 67749 21469 59308 34559 42967 31905 25329 89775 79516 18650
7072 19
28666 95736 96718 23190 95521 97556 26289 80706 90714 39286 14344 96889 73842 17708 23931 72820 3659 60880 52746
1465 20
44199 38758 81711 82355 50666 74811 90912 10613 19036 30721 29361 6159 96 18009 71796 45149 78843 7543 52286 33539
1340 18
18235 7179 7227 9369 26338 79385 70815 2239 42587 46563 2184 83278 66307 11220 30989 56105 29399 48422
2922 20
88220 9446 53663 51794 42405 76311 19408 45653 30076 75524 26814 16526 72829 87058 72305 62828 40862 33656 32682 33208
9618 19
62769 82354 89076 9983 69299 4238 8646 2458 33397 44304 62320 59376 25482 84855 98375 50619 94777 98974 22615
8922 20
89647 67842 20304 50624 39595 44118 41981 21587 54162 85397 66324 84996 81571 42017 65273 77920 96594 65981 18982 3565
5628 19
42200 42494 65347 2466 56090 49668 4356 20184 37945 70865 50978 19434 77697 62968 60959 70848 65848 93725 98738
6464 18
7568 73743 51166 73781 49221 42093 8972 37271 88610 78557 58880 84763 66338 70117 71231 19163 42483 7421
1262 19
15082 89597 93039 21917 99440 4865 37217 12010 76659 60418 91379 89874 28974 63823 59548 97293 91993 52936 81930
9836 20
49563 85288 32046 92220 72558 78858 37094 79991 64956 93608 84746 32683 46523 54368 34747 65991 15151 86374 10156 63244
972 20
42783 16153 2389 43377 90445 71103 15185 47495 23737 55508 60423 22442 67802 41005 27474 67061 54586 35199 17859 2497
8884 18
55880 68993 6991 94654 82713 63572 90230 12151 96767 26684 3550 36919 67226 59177 11645 22326 20310 42053
875 18
22879 34973 58702 16430 31777 24063 50280 18696 69768 7369 45012 25801 19725 23244 76351 66502 83367 1076
9636 19
52435 97065 66300 8473 85429 14039 11817 13836 45399 74739 26596 4076 81091 77358 27211 7273 3261 22875 94382
1215 19
31267 74238 92420 3191 28288 93761 76553 38052 38005 32697 51428 72463 11905 78323 72157 66450 4878 87296 67496
7380 20
86337 31465 38921 87971 12342 2230 86398 77412 37914 91080 35840 64757 60646 82460 90981 60172 28082 49526 93267 20947
974 20
5647 75170 90806 81788 52876 18023 29246 50200 2107 44538 8501 34577 18860 59834 81697 36841 50584 95871 59541 52218
2247 19
37130 82702 30364 84230 68102 81455 996 33832 22281 48484 8131 51686 63658 36357 52810 68220 38308 12144 75941
4388 17
81015 34052 12154 59041 91380 82696 34992 84944 36024 46182 12450 1073 57524 65184 50184 66454 5537
2596 18
62448 92388 55132 85984 27348 34838 39432 76435 81132 99463 99555 77235 13673 8770 27542 7317 89768 61967
5639 20
98037 9399 56052 54255 80119 36910 34598 24597 83004 47904 48368 37394 5820 6993 35423 3492 18113 93994 10915 40505
264 20
33829 26064 19188 12083 59053 99300 22244 99607 73181 49927 25941 49444 58244 32309 69178 68055 88161 43906 92154 51971
9985 19
57997 71651 94829 35989 81469 18118 86708 13262 4521 95315 39791 27065 352 31641 81477 46976 43277 44342 5474
333 20
42018 629 26728 85210 56312 2253 56452 66077 22979 54340 98009 28898 14167 17375 65703 77281 43130 16094 66274 83552
9277 19
98478 76296 82049 4990 75269 69537 17950 52765 8730 26618 1677 24431 85535 61344 32901 71851 16941 1404 95698
6991 18
36109 49014 18473 37168 99384 1984 27383 64979 81265 74367 40849 71212 8839 94663 27179 43937 25107 39427
6468 20
29476 12308 15038 39842 70998 81275 2730 52653 5418 33024 68680 84678 85490 3664 60710 43956 93445 38772 45359 6743
1551 19
68416 57225 51535 56068 44066 12481 37223 2684 60973 97317 41567 8504 97265 57630 21609 9404 88606 34746 4790
1928 20
97196 35298 30272 56262 71206 9633 50666 98559 37082 16058 83502 2137 71220 28227 78401 99276 13849 7612 29389 91387
6141 18
38641 53624 17779 57400 75205 15322 11291 82967 50634 94993 88688 75195 38111 48360 91077 53885 13895 14509
1586 18
91872 75129 72033 46358 79629 37911 42446 99143 5425 30002 45853 81029 59150 9184 64819 6839 70460 98168
2005 19
36257 83642 79354 17246 57394 94802 19293 31161 95397 21358 26904 84815 94316 65171 70907 97916 77068 78552 85118
6497 19
41187 25232 80411 52642 791 84139 33968 39310 91970 39819 80218 45431 54968 10431 58460 59139 91704 4320 96622
1420 19
80524 24206 88102 72371 46426 89894 82035 74425 11526 28783 18028 26410 84686 1597 27803 20791 24401 39276 76512
8924 20
43711 35164 4045 39946 70709 37607 94983 82408 63884 36417 74346 35280 60589 19112 75238 11531 3317 18916 96539 12031
2666 17
29143 53405 60452 33667 55114 77976 4386 88819 78768 76598 86730 25484 24085 26796 95190 18220 15898
3445 20
27253 4892 21852 42696 85296 96884 86625 44515 37423 54121 67596 66283 81792 34801 61680 4035 38675 64997 51247 33382
1692 19
12711 51199 19384 44581 13679 3721 36480 68516 1643 56466 93935 17111 45606 56858 97683 26326 75801 93036 87509
6258 20
18166 6905 56382 99517 49500 1626 86338 52036 4743 64880 80381 18399 89297 91261 78186 40405 79538 61990 2681 39742
6263 20
55536 65865 6514 78035 17914 60147 6859 63022 51412 80246 28689 84977 29130 87009 83442 94082 79926 37903 55235 55483
6715 18
35878 75926 3598 70288 1147 26822 49510 95314 69349 98111 94724 21077 9544 67956 92033 96008 68116 34769
848 20
96781 88991 26788 10699 19413 28295 69839 74184 94950 71790 66596 681 87597 4371 7640 1508 95698 26029 80884 76562
1725 19
21222 47773 96309 20639 19198 58216 37583 83255 51028 83499 72812 47814 75688 73196 11418 98779 23399 74978 64105
5608 20
95222 83487 31736 66487 80523 80381 81161 72801 77270 88551 19034 27604 77010 77152 47547 91541 5011 25460 31023 55890
3038 20
15116 42724 54771 85081 74535 54995 77961 6021 35781 87132 15187 83715 87299 39108 39175 6670 78023 69583 77621 88556
7793 19
64014 72487 74441 18067 76605 61304 72328 45180 19140 58735 85846 20711 32914 32793 31285 94310 76578 71042 73878
7050 20
79055 39815 66657 54619 11958 37315 6540 53270 35575 41269 45019 85014 40683 84806 34199 63853 21397 37230 57452 13613
4482 20
89503 50173 10365 93118 81854 89662 44312 90221 57388 61732 49467 78570 24692 44553 54183 67305 97425 79991 83502 44967
9359 19
3917 73996 13330 76616 27446 89808 16230 1087 34050 25878 81348 82061 64099 63696 68912 8847 35104 50397 72169
2762 20
64425 88859 51939 46548 35912 98228 79870 41243 41582 64889 25305 97191 80991 91667 11579 60104 61888 97493 5100 64328
8405 20
17767 35887 15557 21434 27052 23404 85493 75782 62327 29265 4455 55744 54822 86386 94531 2869 14680 11318 8937 70616
3099 20
23576 75284 95897 45758 70504 61304 540 98898 73481 33907 67095 24562 13117 80302 70395 19156 70860 89187 11896 91092
9998 19
39237 93052 64416 31316 85931 34701 78073 32067 53242 85027 14081 73064 7541 97190 865 7193 23867 63916 17066
4006 20
54398 26469 73549 14125 16659 11214 43253 94250 20336 95141 51192 27982 48413 55852 70040 66990 12746 29579 69553 35677
9847 20
40102 53569 98774 83320 96190 83562 81346 11764 49572 86436 42249 25360 31148 37905 67470 51583 76930 90236 85170 34886
5272 17
54677 44610 37152 6228 37339 37519 79790 52185 14946 49264 50995 38740 8396 82744 18631 26000 83652
9060 19
21954 91847 30539 78524 51498 2832 75184 28418 39421 47744 82115 85768 32288 3631 15588 73534 58438 17460 49125
9980 19
54620 26187 29629 93626 18809 67749 62181 64647 65284 27823 71117 7725 678 75845 65687 95073 90109 76719 13131
165 19
6338 77356 81958 71402 91426 51720 77458 28355 56855 37089 33518 70232 78600 57068 78531 82111 29967 76135 88798
6550 19
57286 65313 49892 93066 80912 85050 57527 31067 33058 97857 35700 97138 94970 10051 16395 11530 63103 7958 12759
6588 20
37636 47631 42352 98341 66794 50809 88210 82960 75995 2159 19537 1988 60125 38766 48982 75758 36766 50826 49067 7618
4871 20
52743 18945 42134 72701 55914 29616 11543 920 98377 50357 17164 68337 66996 58146 83073 2030 10014 79041 17652 12492
0 0

